0 -0 16.4587
8.59827e-17 -1.4042 16.9462
1.83623e-16 -2.99879 17.9707
3.06331e-16 -5.00276 19.7555
5.15115e-16 -8.41247 24.5047
0 -0 16.4587
0.226823 -1.35927 16.6308
0.472802 -2.83334 17.2141
0.759867 -4.55364 18.2305
1.07585 -6.44723 19.0398
1.70262 -10.2033 23.5827
0 -0 16.4587
0.439187 -1.27931 16.3234
0.89698 -2.61281 16.5547
1.42416 -4.14843 17.3202
1.97843 -5.76298 17.7487
2.57179 -7.49136 18.057
3.93828 -11.4718 22.4124
0 -0 16.4587
0.632375 -1.16853 16.0346
1.25588 -2.32066 15.8128
1.93227 -3.57053 16.032
2.66623 -4.92676 16.3179
3.46022 -6.39393 16.5743
4.39399 -8.11938 17.0594
5.6675 -10.4726 18.2263
0 -0 16.4587
0.803049 -1.03176 15.7785
1.5647 -2.01033 15.2663
2.31478 -2.97403 14.8823
3.07369 -3.94907 14.5769
3.86385 -4.96428 14.3415
4.75406 -6.10802 14.3024
5.9582 -7.6551 14.8478
7.36424 -9.46158 15.4044
10.0083 -12.8587 17.7006
0 -0 16.4587
0.947588 -0.872316 15.5434
1.82452 -1.67959 14.8612
2.66426 -2.45262 14.3001
3.50024 -3.2222 13.8582
4.34937 -4.00388 13.4773
5.26706 -4.84867 13.2287
6.31217 -5.81076 13.132
7.53255 -6.9342 13.1541
8.9519 -8.24081 13.2174
10.8914 -10.0263 13.6278
0 -0 16.4587
1.06546 -0.696102 15.3592
2.03264 -1.32799 14.5502
2.94953 -1.92702 13.9129
3.85386 -2.51785 13.4094
4.73699 -3.09483 12.8998
5.67275 -3.7062 12.5212
6.61485 -4.3217 12.0941
7.61177 -4.97302 11.6818
8.79678 -5.74722 11.4145
10.441 -6.82144 11.4811
12.6385 -8.25714 11.7503
0 -0 16.4587
1.15536 -0.506789 15.2256
2.19296 -0.96192 14.3503
3.15871 -1.38554 13.6207
4.0788 -1.78913 12.9739
4.95894 -2.17519 12.345
5.83107 -2.55774 11.7659
6.74783 -2.95987 11.2783
7.62781 -3.34587 10.7016
8.5184 -3.73652 10.1045
9.68755 -4.24935 9.73824
11.293 -4.95355 9.59808
13.9126 -6.10264 9.92557
18.4563 -8.09567 10.9067
17.3938 -7.62964 1.16302e-15
0 -0 16.4587
1.21695 -0.308175 15.15
2.29993 -0.582421 14.2178
3.28889 -0.83286 13.3975
4.16139 -1.05381 12.5043
4.99366 -1.26457 11.7437
5.83157 -1.47675 11.1159
6.68001 -1.69161 10.5473
7.55146 -1.91229 10.0084
8.43913 -2.13708 9.45671
9.50582 -2.4072 9.02694
10.8066 -2.73661 8.67664
12.686 -3.21252 8.54977
15.5418 -3.93573 8.67631
20.6388 -5.22644 9.33876
23.5637 -5.96714 8.34477
23.9453 -6.06378 6.25519
23.0398 -5.83446 3.96601
20.2432 -5.12628 1.73035
18.0155 -4.56214 1.13795e-15
0 -0 16.4587
1.24719 -0.103345 15.1029
2.35127 -0.194832 14.1387
3.32357 -0.275398 13.1694
4.16189 -0.344864 12.1647
4.98915 -0.413412 11.4131
5.77524 -0.47855 10.7083
6.55979 -0.543559 10.0749
7.37998 -0.611522 9.51429
8.25893 -0.684354 9.00234
9.2791 -0.768888 8.57129
10.495 -0.869642 8.1966
12.0039 -0.994671 7.86941
13.9988 -1.15997 7.60173
16.7075 -1.38442 7.35371
19.6379 -1.62724 6.76481
20.0433 -1.66084 5.09305
20.0154 -1.65852 3.35142
19.6821 -1.63091 1.6365
18.6676 -1.54684 1.14698e-15
0 0 16.4587
1.2457 0.103222 15.0849
2.34354 0.194191 14.0922
3.2834 0.27207 13.0103
4.10018 0.33975 11.9843
4.91407 0.407191 11.2413
5.67706 0.470415 10.5262
6.42947 0.532761 9.87476
7.21561 0.597902 9.30239
8.14902 0.675247 8.88253
9.17955 0.76064 8.47934
10.3096 0.854275 8.05176
11.6148 0.962426 7.6143
13.2454 1.09754 7.1926
15.3025 1.268 6.73528
17.7961 1.47462 6.13033
19.1166 1.58404 4.85756
19.2826 1.5978 3.22872
19.0329 1.57711 1.58252
16.1144 1.33527 9.90102e-16
0 0 16.4587
1.21263 0.307081 15.0963
2.2804 0.577475 14.097
3.18004 0.805294 12.9541
3.97136 1.00568 11.9333
4.75763 1.2048 11.1887
5.5035 1.39368 10.4906
6.24805 1.58222 9.86522
7.03486 1.78147 9.3237
7.92029 2.00569 8.87531
8.95698 2.26821 8.50575
10.0632 2.54835 8.07974
11.3369 2.87089 7.64055
12.8288 3.2487 7.16176
14.3316 3.62926 6.48487
15.2674 3.86624 5.40677
15.2188 3.85393 3.97558
14.6029 3.69796 2.51372
13.0337 3.30059 1.1141
8.89419 2.25232 5.61803e-16
0 0 16.4587
1.14848 0.50377 15.1348
2.16234 0.948488 14.15
3.01788 1.32377 13.0134
3.76928 1.65336 11.9893
4.52052 1.98288 11.2536
5.24987 2.30281 10.5931
5.98087 2.62345 9.99636
6.76959 2.96942 9.49751
7.62057 3.34269 9.03952
8.57758 3.76247 8.62246
9.65493 4.23505 8.20589
10.9405 4.79895 7.8052
11.9561 5.24444 7.06542
12.6759 5.56015 6.07153
12.8515 5.63717 4.81769
12.5784 5.5174 3.47825
12.0412 5.28176 2.19413
9.6627 4.23845 0.874315
7.79981 3.42131 5.21527e-16
0 0 16.4587
1.05521 0.689402 15.2114
1.99137 1.30103 14.2548
2.80049 1.82965 13.2099
3.49376 2.28259 12.1564
4.21072 2.751 11.4666
4.91979 3.21426 10.8592
5.6197 3.67154 10.2747
6.3641 4.15787 9.76698
7.20474 4.70709 9.34872
8.05689 5.26383 8.85952
9.09359 5.94114 8.4545
10.335 6.75222 8.06557
11.1945 7.31372 7.23649
11.4706 7.49412 6.01012
11.4821 7.50165 4.70853
11.2961 7.38009 3.41695
11.0052 7.19005 2.19364
9.59113 6.2662 0.949326
7.69549 5.02772 5.62866e-16
0 0 16.4587
0.935946 0.861599 15.3525
1.7739 1.63299 14.4489
2.51415 2.31444 13.4944
3.16236 2.91116 12.5205
3.82812 3.52403 11.8621
4.4824 4.12634 11.2579
5.11301 4.70686 10.6372
5.7746 5.31589 10.0842
6.50047 5.9841 9.59788
7.33751 6.75465 9.18096
8.41314 7.74484 8.90036
9.71836 8.94638 8.63003
10.5927 9.75128 7.79163
10.9003 10.0345 6.49881
10.9928 10.1196 5.12942
10.9296 10.0614 3.76195
10.7073 9.85679 2.42854
9.97753 9.18497 1.12374
8.21684 7.56413 6.83866e-16
0 0 16.4587
0.790902 1.01615 15.5398
1.50565 1.93446 14.6901
2.15171 2.76452 13.8338
2.75949 3.54539 13.0869
3.38408 4.34786 12.5607
3.98378 5.11836 11.9851
4.5588 5.85715 11.3605
5.16195 6.63207 10.7977
5.84239 7.5063 10.3328
6.78551 8.71803 10.1699
8.07885 10.3797 10.2375
9.80094 12.5922 10.4252
10.389 13.3478 9.15358
11.1043 14.2669 7.93018
12.1916 15.6637 6.81421
18.6148 23.9164 7.67474
18.9059 24.2903 5.13638
18.1722 23.3476 2.45158
13.9391 17.9089 1.38962e-15
0 0 16.4587
0.621851 1.14908 15.7678
1.19193 2.2025 15.0077
1.71282 3.16501 14.2111
2.24292 4.14454 13.7271
2.7956 5.16581 13.3908
3.33238 6.1577 12.9378
3.90364 7.2133 12.5538
4.54355 8.39575 12.2651
5.27841 9.75364 12.0473
6.20959 11.4743 12.0104
7.83019 14.4689 12.805
15.0515 27.8128 20.6612
14.9924 27.7035 17.047
15.6859 28.9849 14.4563
16.5649 30.6093 11.9483
17.7461 32.7919 9.44206
13.7831 25.469 1.77325e-15
0 0 16.4587
0.43081 1.25491 16.012
0.830473 2.41909 15.3273
1.19736 3.48779 14.562
1.59145 4.63573 14.277
1.98655 5.78663 13.9479
2.4338 7.0894 13.8505
2.9529 8.6015 13.9198
3.48299 10.1456 13.7818
4.15839 12.113 13.912
0 0 16.4587
0.221941 1.33002 16.2729
0.429571 2.57428 15.6401
0.623998 3.73942 14.9708
0.834084 4.99839 14.7611
1.06316 6.37119 14.7257
1.35728 8.13374 15.2377
1.66434 9.97382 15.4772
2.06998 12.4047 16.1579
0 0 16.4587
8.38877e-17 1.36999 16.5333
1.63546e-16 2.6709 16.0059
2.40322e-16 3.92475 15.4985
3.29582e-16 5.38248 15.6786
4.43894e-16 7.24934 16.5268
5.87412e-16 9.59317 17.7266
